6 0.8320092592592593 0.2301604938271605 0.12962962962962962 0.16402469135802472
6 0.7896851851851852 0.5432098765432098 0.24602777777777782 0.13403703703703695
6 0.6283055555555556 0.41975308641975306 0.17195370370370375 0.14461728395061726
6 0.6170648148148148 0.28659259259259257 0.14153703703703693 0.05114814814814816
6 0.5019814814814815 0.29276543209876543 0.11243518518518525 0.32098765432098764
6 0.35317592592592595 0.15167901234567904 0.06613888888888884 0.0740740740740741
6 0.3055555555555556 0.28041975308641975 0.09524074074074075 0.05643209876543207
6 0.19047222222222224 0.2777777777777778 0.06084259259259257 0.07583950617283952
6 0.058861111111111114 0.11640740740740742 0.1045 0.11992592592592595
6 0.05423148148148148 0.21869135802469133 0.08465740740740742 0.0705432098765432
