6 0.8861166666666666 0.1788314606741573 0.13054999999999997 0.18164044943820226
6 0.7763833333333333 0.3689213483146067 0.044449999999999934 0.3258426966292135
6 0.7173666666666667 0.33240449438202246 0.034716666666666736 0.14420224719101127
6 0.6243 0.4400674157303371 0.03194999999999993 0.15355056179775278
6 0.51875 0.42229213483146066 0.03194999999999993 0.0880224719101124
6 0.5972166666666666 0.13858426966292134 0.4694499999999999 0.2771460674157304
6 0.15486666666666668 0.26685393258426965 0.3097166666666667 0.26029213483146063
6 0.30625 0.40355056179775284 0.18195000000000003 0.21534831460674153
6 0.2659666666666667 0.7602921348314606 0.22916666666666666 0.2883820224719102
6 0.525 0.661056179775281 0.0388833333333334 0.32959550561797746
6 0.7298666666666667 0.7621797752808989 0.0875 0.19476404494382013
6 0.17013333333333333 0.5402696629213483 0.10694999999999998 0.11049438202247194
