6 0.8836018518518518 0.07937037037037038 0.08994444444444454 0.08112345679012346
6 0.8214259259259258 0.2257530864197531 0.35713888888888884 0.2045802469135803
6 0.5800277777777777 0.20282716049382715 0.06481481481481481 0.0705432098765432
6 0.4398148148148148 0.25220987654320987 0.022490740740740707 0.04233333333333336
6 0.3584629629629629 0.2892469135802469 0.02116666666666668 0.052913580246913595
6 0.28175 0.3130493827160494 0.02116666666666668 0.04761728395061731
6 0.8326759259259259 0.5564320987654321 0.05952777777777774 0.07937037037037033
6 0.6256574074074075 0.6481481481481481 0.01587037037037046 0.07937037037037033
6 0.5720925925925926 0.7195802469135802 0.025129629629629724 0.17637037037037032
6 0.8240740740740741 0.8209876543209876 0.01587037037037046 0.08288888888888901
6 0.7427222222222222 0.8924197530864197 0.025129629629629724 0.1728395061728395
6 0.5145462962962963 0.9153456790123456 0.14814814814814814 0.06702469135802465
6 0.45237962962962963 0.6040617283950618 0.21163888888888893 0.5520246913580247
6 0.2526481481481482 0.5123456790123457 0.1322777777777778 0.15696296296296294
6 0.08518518518518518 0.5512345679012346 0.17037037037037037 0.15185185185185185
6 0.14153703703703704 0.8359753086419753 0.10846296296296296 0.13050617283950622
6 0.35185185185185186 0.5123456790123457 0.06613888888888894 0.20282716049382712
6 0.6157407407407407 0.47001234567901234 0.12565740740740744 0.3368641975308642
