6 0.31300898203592814 0.12361924686192469 0.16603293413173656 0.22441422594142255
6 0.5477694610778443 0.12171548117154814 0.04763473053892223 0.08368200836820085
6 0.5518562874251497 0.4421757322175732 0.066691616766467 0.16165271966527192
6 0.8294760479041917 0.47736401673640166 0.10479041916167664 0.11412133891213391
6 0.688622754491018 0.606694560669456 0.17148203592814365 0.1787656903765691
6 0.3647305389221557 0.5886192468619247 0.13609281437125745 0.19209205020920495
6 0.27354790419161673 0.3670502092050209 0.24497005988023945 0.1331380753138075
6 0.12588323353293412 0.2025523012552301 0.1701197604790419 0.10079497907949793
6 0.1122754491017964 0.5981380753138076 0.09934131736526948 0.24533472803347275
6 0.055119760479041914 0.5429916317991632 0.031302395209580836 0.15784518828451885
6 0.016332335329341318 0.5971757322175733 0.032664670658682636 0.31190376569037664
6 0.9327694610778443 0.20064853556485354 0.13446107784431127 0.13504184100418412
