6 0.20112 0.125 0.38888 0.19096875000000002
6 0.48112 0.3880156250000001 0.22444000000000006 0.39062500000000006
6 0.7033400000000001 0.64409375 0.13112000000000013 0.07985937500000002
6 0.77 0.84028125 0.42444000000000004 0.20485937500000012
6 0.92 0.8845468750000001 0.062220000000000025 0.06423437499999984
6 0.41778 0.750875 0.27111999999999997 0.10937499999999992
6 0.08778 0.494796875 0.03334 0.10417187499999994
6 0.14556 0.5842031249999999 0.051120000000000006 0.2274374999999999
6 0.25334 0.6076406249999999 0.14221999999999996 0.18403124999999995
6 0.78888 0.22309375 0.1688799999999999 0.09895312499999998
