6 0.458328125 0.18241666666666667 0.29375 0.3277777777777778
6 0.9036406250000001 0.27591666666666664 0.153125 0.12963888888888886
6 0.7286406249999999 0.38797222222222216 0.09479687499999993 0.32036111111111104
6 0.9020781250000001 0.6222222222222222 0.025 0.0963055555555556
6 0.8671875 0.7768611111111111 0.03854687500000011 0.38333333333333336
6 0.711453125 0.7 0.20832812500000006 0.15925000000000003
6 0.549484375 0.7981388888888888 0.03229687499999993 0.09630555555555544
6 0.524484375 0.47963888888888884 0.23229687499999993 0.2148055555555555
6 0.33854687499999997 0.6286944444444446 0.09582812499999997 0.20555555555555563
6 0.427609375 0.7953611111111111 0.11770312500000002 0.19444444444444445
6 0.2640625 0.8 0.146875 0.11852777777777766
6 0.119796875 0.6963055555555555 0.025 0.16297222222222227
6 0.063546875 0.42036111111111113 0.09582812500000001 0.25925
6 0.059375 0.1527777777777778 0.1 0.12408333333333335
