6 0.8535595776772247 0.48910000000000003 0.2564102564102564 0.14909999999999995
6 0.566289592760181 0.35728 0.2468174962292609 0.3
6 0.3475867269984917 0.2391 0.3880392156862745 0.47454
6 0.20499245852187029 0.45182 0.16591251885369532 0.11453999999999996
6 0.35239819004524886 0.65546 0.04662141779788843 0.28546000000000005
6 0.2324132730015083 0.70272 0.03428355957767725 0.12181999999999994
6 0.058959276018099555 0.76 0.11791855203619911 0.31636000000000014
6 0.16111613876319758 0.8254600000000001 0.09736048265460032 0.0836400000000001
6 0.31606334841628964 0.84364 0.037028657616892925 0.06909999999999991
6 0.4545399698340875 0.91272 0.11107088989441928 0.14546000000000003
6 0.6773604826546002 0.7954600000000001 0.15904977375565618 0.26727999999999996
6 0.6561085972850679 0.5981799999999999 0.10009049773755659 0.14181999999999995
6 0.8940120663650075 0.69 0.21116138763197587 0.18363999999999986
6 0.8775565610859729 0.9391 0.20294117647058818 0.09272000000000002
