6 0.8664802631578948 0.07546 0.12409539473684218 0.14728
6 0.8776973684210526 0.22182 0.10764802631578956 0.09453999999999999
6 0.7991940789473685 0.3291 0.04335526315789476 0.06910000000000002
6 0.8238651315789474 0.44272 0.11962171052631572 0.06363999999999999
6 0.708733552631579 0.14271999999999999 0.21231907894736848 0.24909999999999996
6 0.5958388157894736 0.21181999999999998 0.15699013157894745 0.10363999999999998
6 0.6466776315789474 0.4818199999999999 0.2676480263157895 0.62546
6 0.4298684210526316 0.5109 0.1121381578947369 0.17090000000000002
6 0.39473684210526316 0.07818000000000001 0.18241776315789468 0.15272000000000002
6 0.13606907894736842 0.13546 0.2063322368421053 0.19090000000000004
6 0.29455592105263156 0.38089999999999996 0.10764802631578946 0.22363999999999998
6 0.1659703947368421 0.49636 0.09569078947368422 0.23635999999999996
6 0.08746710526315789 0.45089999999999997 0.03439144736842105 0.24727999999999997
6 0.040378289473684215 0.38272 0.03888157894736843 0.12910000000000002
