6 0.5065055762081785 0.3509280742459397 0.5400619578686492 0.3306264501160093
6 0.8653407682775713 0.20784222737819025 0.1321809169764561 0.17593967517401396
6 0.8896158612143742 0.6322505800464037 0.08983890954151177 0.1740139211136891
6 0.7465923172242875 0.6341763341067285 0.10120198265179686 0.3751044083526681
6 0.618550185873606 0.7617865429234338 0.09293680297397777 0.13533642691415324
6 0.5586493184634448 0.6158236658932715 0.14043370508054528 0.22621809744779584
6 0.4595167286245353 0.7975638051044084 0.0702230483271375 0.40023201856148494
6 0.30359355638166047 0.7579350348027842 0.08467162329615863 0.24749419953596277
6 0.21633209417596036 0.8990719257540604 0.19309789343246592 0.09668213457076556
6 0.17657992565055763 0.7907888631090487 0.19206939281288724 0.22041763341067286
6 0.14198265179677816 0.6322505800464037 0.19516728624535315 0.2938979118329466
6 0.061957868649318466 0.4611368909512761 0.12184634448574967 0.1334106728538283
6 0.5586493184634448 0.14693735498839908 0.12598513011152412 0.15468677494199534
