6 0.32888 0.12519561815336464 0.5066600000000001 0.1286697965571205
6 0.49888 0.23561815336463224 0.32666000000000006 0.07129890453834116
6 0.47 0.3442879499217527 0.18888000000000005 0.1078090766823161
6 0.17778 0.4451330203442879 0.35556 0.14258215962441317
6 0.59888 0.4199217527386541 0.3444400000000001 0.14431924882629113
6 0.56778 0.6146791862284819 0.2866600000000001 0.1999687010954616
6 0.64888 0.724225352112676 0.35112000000000004 0.11302034428794996
6 0.63888 0.893755868544601 0.24666000000000007 0.19126760563380285
6 0.36888 0.8398591549295774 0.13777999999999999 0.17735524256651014
6 0.34666 0.6033802816901408 0.10222000000000003 0.2712519561815337
