6 0.82066 0.17866666666666667 0.2813399999999999 0.11554666666666664
6 0.412 0.09066666666666667 0.03734000000000003 0.16354666666666665
6 0.33866 0.08888 0.04 0.096
6 0.106 0.21733333333333332 0.212 0.248
6 0.32133999999999996 0.33866666666666667 0.136 0.16887999999999995
6 0.9146599999999999 0.3875466666666667 0.16533999999999993 0.12445333333333337
6 0.88734 0.71288 0.148 0.416
6 0.6953400000000001 0.58312 0.28933999999999993 0.24887999999999996
6 0.472 0.5173333333333333 0.328 0.2773333333333333
6 0.216 0.5964533333333333 0.12 0.29688
6 0.48666000000000004 0.816 0.16265999999999997 0.18845333333333322
6 0.32933999999999997 0.8044533333333334 0.03465999999999997 0.24
6 0.14465999999999998 0.824 0.27866 0.11911999999999989
6 0.5346599999999999 0.20354666666666665 0.14666 0.2435466666666667
