6 0.4533399999999999 0.12621333333333332 0.32799999999999996 0.19911999999999996
6 0.724 0.21866666666666668 0.14933999999999992 0.08887999999999996
6 0.89934 0.16445333333333334 0.116 0.08711999999999999
6 0.8046599999999999 0.3644533333333333 0.30533999999999994 0.13866666666666666
6 0.80334 0.6471199999999999 0.04133999999999992 0.09245333333333337
6 0.89466 0.9182133333333333 0.1973399999999999 0.14045333333333324
6 0.6866599999999999 0.72888 0.24266000000000007 0.20621333333333336
6 0.46266 0.8146666666666667 0.14134000000000002 0.37066666666666664
6 0.346 0.8008799999999999 0.12665999999999997 0.304
6 0.168 0.82488 0.21065999999999996 0.3377866666666666
6 0.448 0.504 0.368 0.30754666666666663
6 0.21534 0.30221333333333333 0.21466000000000002 0.1564533333333333
6 0.12534 0.16712 0.25066000000000005 0.3235466666666667
