6 0.774954128440367 0.19908163265306122 0.44900917431192666 0.26612244897959186
6 0.845119266055046 0.4741836734693877 0.30869724770642215 0.2360884353741497
6 0.6135963302752294 0.772312925170068 0.117651376146789 0.3921428571428571
6 0.5245504587155964 0.7012925170068027 0.06908256880733941 0.3781632653061224
6 0.3702018348623853 0.5842176870748299 0.10792660550458714 0.10003401360544226
6 0.47383486238532113 0.2430952380952381 0.2115412844036697 0.3781632653061225
6 0.3583302752293578 0.812312925170068 0.02805504587155967 0.3001360544217687
6 0.30328440366972476 0.8283333333333333 0.034532110091743104 0.20408163265306112
6 0.23961467889908258 0.8723469387755103 0.030220183486238505 0.1160544217687075
6 0.20777981651376143 0.5602380952380953 0.13060550458715595 0.5362244897959185
6 0.083651376146789 0.8313265306122449 0.07231192660550458 0.3141156462585033
6 0.17917431192660552 0.19908163265306122 0.3389174311926605 0.39816326530612245
