6 0.8334482758620689 0.13182 0.0695052473763117 0.09272000000000001
6 0.665127436281859 0.10636 0.17445277361319342 0.21272
6 0.5015742128935532 0.32182 0.5179160419790104 0.21453999999999995
6 0.44023988005997 0.15181999999999998 0.1553823088455772 0.19818
6 0.9043178410794602 0.55728 0.09404797601199404 0.22363999999999992
6 0.8000599700149925 0.5408999999999999 0.029985007496251874 0.08181999999999993
6 0.6889805097451275 0.45818000000000003 0.26032983508245877 0.14182000000000006
6 0.6787556221889056 0.59272 0.09812593703148433 0.09090000000000009
6 0.43545727136431783 0.69272 0.06406296851574216 0.34546000000000004
6 0.3202998500749625 0.6691 0.06542728635682157 0.10181999999999994
6 0.21535232383808095 0.49818 0.2725937031484258 0.18910000000000002
6 0.15674662668665668 0.6663600000000001 0.051799100449775086 0.07090000000000009
