6 0.4042146892655367 0.15272 0.046225988700564935 0.07636000000000001
6 0.8495141242937854 0.20182 0.04725423728813552 0.06910000000000002
6 0.192090395480226 0.08728 0.04931073446327682 0.13454000000000002
6 0.11402259887005649 0.66728 0.08423728813559324 0.16363999999999987
6 0.05906214689265536 0.12636 0.06882485875706214 0.14
6 0.5264519774011299 0.11364 0.10580790960451976 0.0709
6 0.6178757062146893 0.10364000000000001 0.05855367231638411 0.10182000000000001
6 0.8094463276836158 0.06636 0.041084745762711754 0.06364
6 0.8870056497175142 0.5836399999999999 0.040056497175141294 0.1090999999999999
6 0.6707796610169492 0.28636 0.17873446327683623 0.1
6 0.5017966101694915 0.41 0.1016949152542373 0.3036399999999999
6 0.6368813559322034 0.64728 0.281457627118644 0.16
