6 0.15865625 0.07206088992974238 0.08893749999999997 0.07927400468384076
6 0.339546875 0.14861826697892275 0.21514062499999995 0.29362997658079626
6 0.7421875 0.25672131147540983 0.24879687500000003 0.28644028103044494
6 0.7626249999999999 0.771943793911007 0.17187499999999992 0.3368852459016394
6 0.61659375 0.5737704918032787 0.13221875 0.23599531615925054
6 0.35996875 0.47199063231850114 0.275234375 0.29903981264637003
6 0.30289062499999997 0.8287587822014051 0.10817187500000003 0.3424590163934427
6 0.078125 0.7693208430913349 0.15625 0.2224824355971897
6 0.15865625 0.2747306791569087 0.024031249999999994 0.08107728337236535
6 0.103359375 0.34227166276346604 0.1875 0.18374707259953157
