6 0.90625 0.11573333333333333 0.12916666666666668 0.19444444444444445
6 0.10138333333333333 0.33055555555555555 0.1277833333333333 0.17962222222222218
6 0.8284666666666667 0.41017777777777786 0.24305000000000007 0.5055555555555556
6 0.4361166666666667 0.18982222222222223 0.25555000000000005 0.28704444444444444
6 0.15903333333333336 0.10093333333333333 0.1375 0.19073333333333337
6 0.07708333333333334 0.6935111111111111 0.09861666666666669 0.2537111111111111
6 0.1757 0.8407333333333333 0.12361666666666665 0.3185111111111112
6 0.4180500000000001 0.6796222222222222 0.2666666666666667 0.403711111111111
6 0.5972166666666666 0.7305555555555555 0.30555000000000004 0.2685111111111112
6 0.6361166666666667 0.8824 0.09444999999999994 0.08704444444444435
