6 0.9341666666666667 0.7021660649819494 0.13166666666666665 0.2924187725631769
6 0.27708333333333335 0.14216606498194945 0.12916666666666668 0.2842960288808664
6 0.23176666666666668 0.5088086642599278 0.10729999999999999 0.336173285198556
6 0.06355 0.6487003610108303 0.125 0.5753790613718411
6 0.1948 0.8596750902527076 0.07083333333333333 0.27978339350180503
6 0.5604166666666667 0.3756678700361011 0.0625 0.21433212996389894
6 0.69115 0.67014440433213 0.24896666666666667 0.18501805054151624
6 0.9494833333333335 0.3452346570397112 0.07605000000000019 0.3835740072202166
6 0.8229166666666666 0.28768953068592057 0.26458333333333334 0.46256317689530685
6 0.41146666666666665 0.7592418772563176 0.03125 0.12411552346570395
6 0.41875 0.4636823104693141 0.03125 0.22787003610108306
6 0.46823333333333333 0.21660649819494585 0.05938333333333332 0.10379061371841156
6 0.09271666666666666 0.2888086642599278 0.175 0.194043321299639
