6 0.9034666666666668 0.16759550561797754 0.10971666666666664 0.21534831460674161
6 0.7694500000000001 0.30712359550561796 0.13888333333333341 0.22096629213483143
6 0.70555 0.13858426966292134 0.1 0.09364044943820224
6 0.4666666666666667 0.13950561797752808 0.2611166666666666 0.2752808988764045
6 0.17221666666666666 0.14887640449438203 0.23055000000000003 0.21910112359550563
6 0.17153333333333334 0.5365168539325843 0.14861666666666665 0.35017977528089894
6 0.6215333333333334 0.4438202247191011 0.034716666666666736 0.15730337078651685
6 0.5208333333333334 0.658247191011236 0.03333333333333333 0.32397752808988756
6 0.22708333333333333 0.8267865168539327 0.4125 0.17791011235955048
6 0.8743000000000001 0.6067415730337079 0.06804999999999997 0.07116853932584268
