6 0.866330420969023 0.1482125 0.06240667196187463 0.12142499999999998
6 0.5003971405877681 0.1482125 0.13162033359809375 0.0678625
6 0.2127561556791104 0.0482125 0.07602065131056394 0.071425
6 0.2536060365369341 0.15 0.06694996028594119 0.11071249999999999
6 0.3318983320095314 0.3125 0.05559968228752978 0.14642499999999997
6 0.5026687847498015 0.39732500000000004 0.1679348689436061 0.16963750000000005
6 0.6155679110405083 0.4258875 0.023828435266084195 0.18036249999999995
6 0.6751389992057188 0.45982500000000004 0.02269261318506746 0.08392499999999999
6 0.7608101667990469 0.6892874999999999 0.17587768069896748 0.21428750000000008
6 0.9293089753772835 0.7660750000000001 0.05446386020651323 0.06786249999999995
6 0.8044956314535345 0.8866124999999999 0.05673550436854652 0.12321249999999992
6 0.5832327243844321 0.6732125000000001 0.1565845909451945 0.16071249999999992
6 0.21956314535345514 0.64375 0.15544876886417794 0.24821249999999992
