6 0.342790346907994 0.23910000000000003 0.37844645550527906 0.46728
6 0.6609049773755656 0.5991000000000001 0.08775263951734533 0.1363599999999999
6 0.8816742081447964 0.59636 0.09871794871794878 0.10181999999999994
6 0.8103619909502262 0.89728 0.37021116138763205 0.15453999999999996
6 0.3421116138763198 0.5891000000000001 0.09461538461538464 0.18181999999999993
6 0.23858220211161388 0.5391 0.08500754147812974 0.28546000000000005
6 0.08570135746606335 0.47364 0.13025641025641024 0.3181800000000001
6 0.47785822021116137 0.87454 0.06992458521870289 0.15272000000000002
6 0.9399396681749622 0.75182 0.11107088989441946 0.06727999999999998
6 0.7041025641025641 0.27727999999999997 0.05621417797888383 0.06363999999999999
